206378
268109
408968
489100
492904
485481
431968
512497
464617
448606
428610
347545
341649
371106
428629
476096
423731
480058
523281
597674
522455
678611
728480
494202
494763
556772
687416
676111
786729
761699
837226
793999
838246
798103
828243
482331
503004
669153
788617
723787
707380
644413
706259
692656
703582
679785
445511
571810
251635
319809
471343
639664
691749
604176
400995
450974
397089
547236
608770
452348
186444
243125
293718
294308
321498
350301
390791
418800
369188
410930
480209
287923
237005
316710
368428
409402
427757
434077
430357
485847
526109
575430
616528
461504
376551
369567
428459
494107
435195
343219
254104
323010
319325
441853
507552
424505
